1453215019
9402071856
2651640921
3353154887
4248228333
3655912398
8929000315
5694973638
7146303253
9425901599

1797683413
5036502735
1180415279
9287989572
5170053145
4482760258
6899634443
8153101486
8679399892
9476435485

3725748226
6441901785
7333188343
9097557849
1477351221
8108646097
6107153394
6431739342
1205117119
8406768591

2283259454
6559600062
1113831626
5915206431
4497545454
2562746158
5138764255
2021285166
9367713382
4642028697

7495879815

1235420706
8679399892
1748084219
8987551417

4480230715
9861982094
8835527807
4998919967
8146770547


6745797887
7273111939
9674153938
3865992242
1054922721
9269066185
6167698801
9620565357
7809763586
6439848195


4388949369
4588602894
4247711417
1802331262
1597167446
6201426655
4062606978
3865120783
9446773404
8957001584


4420088812
6113725960
9395384413
5369647694
7463501788
2738887664
3330030107
7399500200
2368007781
9999747318


6533915907
1523882104
4411657221
9170748800
5623208313
2579282223
5195176538
5114083139
3185391717
6474613530

------------------

1649610442
4111295363
6059124662
7351852644
2665678702
3168515252
5510771348
3345992890
7121264336
7829658473
